124
249
374
499
624
749
874
999
1124
1249
1374
1499
1624
1749
1874
1999
2124
2249
2374
2499
2624
2749
2874
2999
3124
3249
3374
3499
3624
3749
3874
3999
4124
4249
4374
4499
4624
4749
4874
4999
5124
5249
5374
5499
5624
5749
5874
5999
6124
6249
6374
6499
6624
6749
6874
6999
7124
7249
7374
7499
7624
7749
7874
7999
8124
8249
8374
8499
8624
8749
8874
8999
9124
9249
9374
9499
9624
9749
9874
9999
10124
10249
10374
10499
10624
10749
10874
10999
11124
11249
11374
11499
11624
11749
11874
11999
12124
12249
12374
12499
12624
12749
12874
12999
13124
13249
13374
13499
13624
13749
13874
13999
14124
14249
14374
14499
14624
14749
14874
14999
15124
15249
15374
15499
15624
15749
15874
15999
16124
16249
16374
16499
16624
16749
16874
16999
17124
17249
17374
17499
17624
17749
17874
17999
18124
18249
18374
18499
18624
18749
18874
18999
19124
19249
19374
19499
19624
19749
19874
19999
20124
20249
20374
20499
20624
20749
20874
20999
21124
21249
21374
21499
21624
21749
21874
21999
22124
22249
22374
22499
22624
22749
22874
22999
23124
23249
23374
23499
23624
23749
23874
23999
24124
24249
24374
24499
24624
24749
24874
24999
25124
25249
25374
25499
25624
25749
25874
25999
26124
26249
26374
26499
26624
26749
26874
26999
27124
27249
27374
27499
27624
27749
27874
27999
28124
28249
28374
28499
28624
28749
28874
28999
29124
29249
29374
29499
29624
29749
29874
29999
30124
30249
30374
30499
30624
30749
30874
30999
31124
31249
31374
31499
31624
31749
31874
31999
32124
32249
32374
32499
32624
32749
32874
32999
33124
33249
33374
33499
33624
33749
33874
33999
34124
34249
34374
34499
34624
34749
34874
34999
35124
35249
35374
35499
35624
35749
35874
35999
36124
36249
36374
36499
36624
36749
36874
36999
37124
37249
37374
37499
37624
37749
37874
37999
38124
38249
38374
38499
38624
38749
38874
38999
39124
39249
39374
39499
39624
39749
39874
39999
40124
40249
40374
40499
40624
40749
40874
40999
41124
41249
41374
41499
41624
41749
41874
41999
42124
42249
42374
42499
42624
42749
42874
42999
43124
43249
43374
43499
43624
43749
43874
43999
44124
44249
44374
44499
44624
44749
44874
44999
45124
45249
45374
45499
45624
45749
45874
45999
46124
46249
46374
46499
46624
46749
46874
46999
47124
47249
47374
47499
47624
47749
47874
47999
48124
48249
48374
48499
48624
48749
48874
48999
49124
49249
49374
49499
49624
49749
49874
49999
50124
50249
50374
50499
50624
50749
50874
50999
51124
51249
51374
51499
51624
51749
51874
51999
52124
52249
52374
52499
52624
52749
52874
52999
53124
53249
53374
53499
53624
53749
53874
53999
54124
54249
54374
54499
54624
54749
54874
54999
55124
55249
55374
55499
55624
55749
55874
55999
56124
56249
56374
56499
56624
56749
56874
56999
57124
57249
57374
57499
57624
57749
57874
57999
58124
58249
58374
58499
58624
58749
58874
58999
59124
59249
59374
59499
59624
59749
59874
59999
60124
60249
60374
60499
60624
60749
60874
60999
61124
61249
61374
61499
61624
61749
61874
61999
62124
62249
62374
62499
62624
62749
62874
62999
63124
63249
63374
63499
63624
63749
63874
63999
64124
64249
64374
64499
64624
64749
64874
64999
65124
65249
65374
65499
65624
65749
65874
65999
66124
66249
66374
66499
66624
66749
66874
66999
67124
67249
67374
67499
67624
67749
67874
67999
68124
68249
68374
68499
68624
68749
68874
68999
69124
69249
69374
69499
69624
69749
69874
69999
70124
70249
70374
70499
70624
70749
70874
70999
71124
71249
71374
71499
71624
71749
71874
71999
72124
72249
72374
72499
72624
72749
72874
72999
73124
73249
73374
73499
73624
73749
73874
73999
74124
74249
74374
74499
74624
74749
74874
74999
75124
75249
75374
75499
75624
75749
75874
75999
76124
76249
76374
76499
76624
76749
76874
76999
77124
77249
77374
77499
77624
77749
77874
77999
78124
78249
78374
78499
78624
78749
78874
78999
79124
79249
79374
79499
79624
79749
79874
79999
80124
80249
80374
80499
80624
80749
80874
80999
81124
81249
81374
81499
81624
81749
81874
81999
82124
82249
82374
82499
82624
82749
82874
82999
83124
83249
83374
83499
83624
83749
83874
83999
84124
84249
84374
84499
84624
84749
84874
84999
85124
85249
85374
85499
85624
85749
85874
85999
86124
86249
86374
86499
86624
86749
86874
86999
87124
87249
87374
87499
87624
87749
87874
87999
88124
88249
88374
88499
88624
88749
88874
88999
89124
89249
89374
89499
89624
89749
89874
89999
90124
90249
90374
90499
90624
90749
90874
90999
91124
91249
91374
91499
91624
91749
91874
91999
92124
92249
92374
92499
92624
92749
92874
92999
93124
93249
93374
93499
93624
93749
93874
93999
94124
94249
94374
94499
94624
94749
94874
94999
95124
95249
95374
95499
95624
95749
95874
95999
96124
96249
96374
96499
96624
96749
96874
96999
97124
97249
97374
97499
97624
97749
97874
97999
98124
98249
98374
98499
98624
98749
98874
98999
99124
99249
99374
99499
99624
99749
99874
99999
100124
100249
100374
100499
100624
100749
100874
100999
101124
101249
101374
101499
101624
101749
101874
101999
102124
102249
102374
102499
102624
102749
102874
102999
103124
103249
103374
103499
103624
103749
103874
103999
104124
104249
104374
104499
104624
104749
104874
104999
105124
105249
105374
105499
105624
105749
105874
105999
106124
106249
106374
106499
106624
106749
106874
106999
107124
107249
107374
107499
107624
107749
107874
107999
108124
108249
108374
108499
108624
108749
108874
108999
109124
109249
109374
109499
109624
109749
109874
109999
110124
110249
110374
110499
110624
110749
110874
110999
111124
111249
111374
111499
111624
111749
111874
111999
112124
112249
112374
112499
112624
112749
112874
112999
113124
113249
113374
113499
113624
113749
113874
113999
114124
114249
114374
114499
114624
114749
114874
114999
115124
115249
115374
115499
115624
115749
115874
115999
116124
116249
116374
116499
116624
116749
116874
116999
117124
117249
117374
117499
117624
117749
117874
117999
118124
118249
118374
118499
118624
118749
118874
118999
119124
119249
119374
119499
119624
119749
119874
119999
120124
120249
120374
120499
120624
120749
120874
120999
121124
121249
121374
121499
121624
121749
121874
121999
122124
122249
122374
122499
122624
122749
122874
122999
123124
123249
123374
123499
123624
123749
123874
123999
124124
124249
124374
124499
124624
124749
124874
124999
125124
125249
125374
125499
125624
125749
125874
125999
126124
126249
126374
126499
126624
126749
126874
126999
127124
127249
127374
127499
127624
127749
127874
127999
128124
128249
128374
128499
128624
128749
128874
128999
129124
129249
129374
129499
129624
129749
129874
129999
130124
130249
130374
130499
130624
130749
130874
130999
131124
131249
131374
131499
131624
131749
131874
131999
132124
132249
132374
132499
132624
132749
132874
132999
133124
133249
133374
133499
133624
133749
133874
133999
134124
134249
134374
134499
134624
134749
134874
134999
135124
135249
135374
135499
135624
135749
135874
135999
136124
136249
136374
136499
136624
136749
136874
136999
137124
137249
137374
137499
137624
137749
137874
137999
138124
138249
138374
138499
138624
138749
138874
138999
139124
139249
139374
139499
139624
139749
139874
139999
140124
140249
140374
140499
140624
140749
140874
140999
141124
141249
141374
141499
141624
141749
141874
141999
142124
142249
142374
142499
142624
142749
142874
142999
143124
143249
143374
143499
143624
143749
143874
143999
144124
144249
144374
144499
144624
144749
144874
144999
145124
145249
145374
145499
145624
145749
145874
145999
146124
146249
146374
146499
146624
146749
146874
146999
147124
147249
147374
147499
147624
147749
147874
147999
148124
148249
148374
148499
148624
148749
148874
148999
149124
149249
149374
149499
149624
149749
149874
149999
150124
150249
150374
150499
150624
150749
150874
150999
151124
151249
151374
151499
151624
151749
151874
151999
152124
152249
152374
152499
152624
152749
152874
152999
153124
153249
153374
153499
153624
153749
153874
153999
154124
154249
154374
154499
154624
154749
154874
154999
155124
155249
155374
155499
155624
155749
155874
155999
156124
156249
156374
156499
156624
156749
156874
156999
157124
157249
157374
157499
157624
157749
157874
157999
158124
158249
158374
158499
158624
158749
158874
158999
159124
159249
159374
159499
159624
159749
159874
159999
160124
160249
160374
160499
160624
160749
160874
160999
161124
161249
161374
161499
161624
161749
161874
161999
162124
162249
