124
249
374
499
624
749
874
999
1124
1249
1374
1499
1624
1749
1874
1999
2124
2249
2374
2499
2624
2749
2874
2999
3124
3249
3374
3499
3624
3749
3874
3999
4124
4249
4374
4499
4624
4749
4874
4999
5124
5249
5374
5499
5624
5749
5874
5999
6124
6249
6374
6499
6624
6749
6874
6999
7124
7249
7374
7499
7624
7749
7874
7999
8124
8249
8374
8499
8624
8749
8874
8999
9124
9249
9374
9499
9624
9749
9874
9999
10124
10249
10374
10499
10624
10749
10874
10999
11124
11249
11374
11499
11624
11749
11874
11999
12124
12249
12374
12499
12624
12749
12874
12999
13124
13249
13374
13499
13624
13749
13874
13999
14124
14249
14374
14499
14624
14749
14874
14999
15124
15249
15374
15499
15624
15749
15874
15999
16124
16249
16374
16499
16624
16749
16874
16999
17124
17249
17374
17499
17624
17749
17874
17999
18124
18249
18374
18499
18624
18749
18874
18999
19124
19249
19374
19499
19624
19749
19874
19999
20124
20249
20374
20499
20624
20749
20874
20999
21124
21249
21374
21499
21624
21749
21874
21999
22124
22249
22374
22499
22624
22749
22874
22999
23124
23249
23374
23499
23624
23749
23874
23999
24124
24249
24374
24499
24624
24749
24874
24999
25124
25249
25374
25499
25624
25749
25874
25999
26124
26249
26374
26499
26624
26749
26874
26999
27124
27249
27374
27499
27624
27749
27874
27999
28124
28249
28374
28499
28624
28749
28874
28999
29124
29249
29374
29499
29624
29749
29874
29999
30124
30249
30374
30499
30624
30749
30874
30999
31124
31249
31374
31499
31624
31749
31874
31999
32124
32249
32374
32499
32624
32749
32874
32999
33124
33249
33374
33499
33624
33749
33874
33999
34124
34249
34374
34499
34624
34749
34874
34999
35124
35249
35374
35499
35624
35749
35874
35999
36124
36249
36374
36499
36624
36749
36874
36999
37124
37249
37374
37499
37624
37749
37874
37999
38124
38249
38374
38499
38624
38749
38874
38999
39124
39249
39374
39499
39624
39749
39874
39999
40124
40249
40374
40499
40624
40749
40874
40999
41124
41249
41374
41499
41624
41749
41874
41999
42124
42249
42374
42499
42624
42749
42874
42999
43124
43249
43374
43499
43624
43749
43874
43999
44124
44249
44374
44499
44624
44749
44874
44999
45124
45249
45374
45499
45624
45749
45874
45999
46124
46249
46374
46499
46624
46749
46874
46999
47124
47249
47374
47499
47624
47749
47874
47999
48124
48249
48374
48499
48624
48749
48874
48999
49124
49249
49374
49499
49624
49749
49874
49999
50124
50249
50374
50499
50624
50749
50874
50999
51124
51249
51374
51499
51624
51749
51874
51999
52124
52249
52374
52499
52624
52749
52874
52999
53124
53249
53374
53499
53624
53749
53874
53999
54124
54249
