124
249
374
499
624
749
874
999
1124
1249
1374
1499
1624
1749
1874
1999
2124
2249
2374
2499
2624
2749
2874
2999
3124
3249
3374
3499
3624
3749
3874
3999
4124
4249
4374
4499
4624
4749
4874
4999
5124
5249
5374
5499
5624
5749
5874
5999
6124
6249
6374
6499
6624
6749
6874
6999
7124
7249
7374
7499
7624
7749
7874
7999
8124
8249
8374
8499
8624
8749
8874
8999
9124
9249
9374
9499
9624
9749
9874
9999
10124
10249
10374
10499
10624
10749
10874
10999
11124
11249
11374
11499
11624
11749
11874
11999
12124
12249
12374
12499
12624
12749
12874
12999
13124
13249
13374
13499
13624
13749
13874
13999
14124
14249
14374
14499
14624
14749
14874
14999
15124
15249
15374
15499
15624
15749
15874
15999
16124
16249
16374
16499
16624
16749
16874
16999
17124
17249
17374
17499
17624
17749
17874
17999
18124
18249
18374
18499
18624
18749
18874
18999
19124
19249
19374
19499
19624
19749
19874
19999
20124
20249
20374
20499
20624
20749
20874
20999
21124
21249
21374
21499
21624
21749
21874
21999
22124
22249
22374
22499
22624
22749
22874
22999
23124
23249
23374
23499
23624
23749
23874
23999
24124
24249
24374
24499
24624
24749
24874
24999
25124
25249
25374
25499
25624
25749
25874
25999
26124
26249
26374
26499
26624
26749
26874
26999
27124
27249
27374
27499
27624
27749
27874
27999
28124
28249
28374
28499
28624
28749
28874
28999
29124
29249
29374
29499
29624
29749
29874
29999
30124
30249
30374
30499
30624
30749
30874
30999
31124
31249
31374
31499
31624
31749
31874
31999
32124
32249
32374
32499
32624
32749
32874
32999
33124
33249
33374
33499
33624
33749
33874
33999
34124
34249
34374
34499
34624
34749
34874
34999
35124
35249
35374
35499
35624
35749
35874
35999
36124
36249
36374
36499
36624
36749
36874
36999
37124
37249
37374
37499
37624
37749
37874
37999
38124
38249
38374
38499
38624
38749
38874
38999
39124
39249
39374
39499
39624
39749
39874
39999
40124
40249
40374
40499
40624
40749
40874
40999
41124
41249
41374
41499
41624
41749
41874
41999
42124
42249
42374
42499
42624
42749
42874
42999
43124
43249
43374
43499
43624
43749
43874
43999
44124
44249
44374
44499
44624
44749
44874
44999
45124
45249
45374
45499
45624
45749
45874
45999
46124
46249
46374
46499
46624
46749
46874
46999
47124
47249
47374
47499
47624
47749
47874
47999
48124
48249
48374
48499
48624
48749
48874
48999
49124
49249
49374
49499
49624
49749
49874
49999
50124
50249
50374
50499
50624
50749
50874
50999
51124
51249
51374
51499
51624
51749
51874
51999
52124
52249
52374
52499
52624
52749
52874
52999
53124
53249
53374
53499
53624
53749
53874
53999
54124
54249
54374
54499
54624
54749
54874
54999
55124
55249
55374
55499
55624
55749
55874
55999
56124
56249
56374
56499
56624
56749
56874
56999
57124
57249
57374
57499
57624
57749
57874
57999
58124
58249
58374
58499
58624
58749
58874
58999
59124
59249
59374
59499
59624
59749
59874
59999
60124
60249
60374
60499
60624
60749
60874
60999
61124
61249
61374
61499
61624
61749
61874
61999
62124
62249
62374
62499
62624
62749
62874
62999
63124
63249
63374
63499
63624
63749
63874
63999
64124
64249
64374
64499
64624
64749
64874
64999
65124
65249
65374
65499
65624
65749
65874
65999
66124
66249
66374
66499
66624
66749
66874
66999
67124
67249
67374
67499
67624
67749
67874
67999
68124
68249
68374
68499
68624
68749
68874
68999
69124
69249
69374
69499
69624
69749
69874
69999
70124
70249
70374
70499
70624
70749
70874
70999
71124
71249
71374
71499
71624
71749
71874
71999
72124
72249
72374
72499
72624
72749
72874
72999
73124
73249
73374
73499
73624
73749
73874
73999
74124
74249
74374
74499
74624
74749
74874
74999
75124
75249
75374
75499
75624
75749
75874
75999
76124
76249
76374
76499
76624
76749
76874
76999
77124
77249
77374
77499
77624
77749
77874
77999
78124
78249
78374
78499
78624
78749
78874
78999
79124
79249
79374
79499
79624
79749
79874
79999
80124
80249
80374
80499
80624
80749
80874
80999
81124
81249
81374
81499
81624
81749
81874
81999
82124
82249
82374
82499
82624
82749
82874
82999
83124
83249
83374
83499
83624
83749
83874
83999
84124
84249
84374
84499
84624
84749
84874
84999
85124
85249
85374
85499
85624
85749
85874
85999
86124
86249
86374
86499
86624
86749
86874
86999
87124
87249
87374
87499
87624
87749
87874
87999
88124
88249
88374
88499
88624
88749
88874
88999
89124
89249
89374
89499
89624
89749
89874
89999
90124
90249
90374
90499
90624
90749
90874
90999
91124
91249
91374
91499
91624
91749
91874
91999
92124
92249
92374
92499
92624
92749
92874
92999
93124
93249
93374
93499
93624
93749
93874
93999
94124
94249
94374
94499
94624
94749
94874
94999
95124
95249
95374
95499
95624
95749
95874
95999
96124
96249
96374
96499
96624
96749
96874
96999
97124
97249
97374
97499
97624
97749
97874
97999
98124
98249
98374
98499
98624
98749
98874
98999
99124
99249
99374
99499
99624
99749
99874
99999
100124
100249
100374
100499
100624
100749
100874
100999
101124
101249
101374
101499
101624
101749
101874
101999
102124
102249
102374
102499
102624
102749
102874
102999
103124
103249
103374
103499
103624
103749
103874
103999
104124
104249
104374
104499
104624
104749
104874
104999
105124
105249
105374
105499
105624
105749
105874
105999
106124
106249
106374
106499
106624
106749
106874
106999
107124
107249
107374
107499
107624
107749
107874
107999
108124
108249
108374
108499
108624
108749
108874
108999
109124
109249
109374
109499
109624
109749
109874
109999
110124
110249
110374
110499
110624
110749
110874
110999
111124
111249
111374
111499
111624
111749
111874
111999
112124
112249
112374
112499
112624
112749
112874
112999
113124
113249
113374
113499
113624
113749
113874
113999
114124
114249
114374
114499
114624
114749
114874
114999
115124
115249
115374
115499
115624
115749
115874
115999
116124
116249
116374
116499
116624
116749
116874
116999
117124
117249
117374
117499
117624
117749
117874
117999
118124
118249
118374
118499
118624
118749
118874
118999
119124
119249
119374
119499
119624
119749
119874
119999
120124
120249
120374
120499
120624
120749
120874
120999
121124
121249
121374
121499
121624
121749
121874
121999
122124
122249
122374
122499
122624
122749
122874
122999
123124
123249
123374
123499
123624
123749
123874
123999
124124
124249
124374
124499
124624
124749
124874
124999
125124
125249
125374
125499
125624
125749
125874
125999
126124
126249
126374
126499
126624
126749
126874
126999
127124
127249
127374
127499
127624
127749
127874
127999
128124
128249
128374
128499
128624
128749
128874
128999
129124
129249
129374
129499
129624
129749
129874
129999
130124
130249
130374
130499
130624
130749
130874
130999
131124
131249
131374
131499
131624
131749
131874
131999
132124
132249
132374
132499
132624
132749
132874
132999
133124
133249
133374
133499
133624
133749
133874
133999
134124
134249
134374
134499
134624
134749
134874
134999
135124
135249
135374
135499
135624
135749
135874
135999
136124
136249
136374
136499
136624
136749
136874
136999
137124
137249
137374
137499
137624
137749
137874
137999
138124
138249
138374
138499
138624
138749
138874
138999
139124
139249
139374
139499
139624
139749
139874
139999
140124
140249
140374
140499
140624
140749
140874
140999
141124
141249
141374
141499
141624
141749
141874
141999
142124
142249
142374
142499
142624
142749
142874
142999
143124
143249
143374
143499
143624
143749
143874
143999
144124
144249
144374
144499
144624
144749
144874
144999
145124
145249
145374
145499
145624
145749
145874
145999
146124
146249
146374
146499
146624
146749
146874
146999
147124
147249
147374
147499
147624
147749
147874
147999
148124
148249
148374
148499
148624
148749
148874
148999
149124
149249
149374
149499
149624
149749
149874
149999
150124
150249
150374
150499
150624
150749
150874
150999
151124
151249
151374
151499
151624
151749
151874
151999
152124
152249
152374
152499
152624
152749
152874
152999
153124
153249
153374
153499
153624
153749
153874
153999
154124
154249
154374
154499
154624
154749
154874
154999
155124
155249
155374
155499
155624
155749
155874
155999
156124
156249
156374
156499
156624
156749
156874
156999
157124
157249
157374
157499
157624
157749
157874
157999
158124
158249
158374
158499
158624
158749
158874
158999
159124
159249
159374
159499
159624
159749
159874
159999
160124
160249
160374
160499
160624
160749
160874
160999
161124
161249
161374
161499
161624
161749
161874
161999
162124
162249
162374
162499
162624
162749
162874
162999
163124
163249
163374
163499
163624
163749
163874
163999
164124
164249
164374
164499
164624
164749
164874
164999
165124
165249
165374
165499
165624
165749
165874
165999
166124
166249
166374
166499
166624
166749
166874
166999
167124
167249
167374
167499
167624
167749
167874
167999
168124
168249
168374
168499
168624
168749
168874
168999
169124
169249
169374
169499
169624
169749
169874
169999
170124
170249
170374
170499
170624
170749
170874
170999
171124
171249
171374
171499
171624
171749
171874
171999
172124
172249
172374
172499
172624
172749
172874
172999
173124
173249
173374
173499
173624
173749
173874
173999
174124
174249
174374
174499
174624
174749
174874
174999
175124
175249
175374
175499
175624
175749
175874
175999
176124
176249
176374
176499
176624
176749
176874
176999
177124
177249
177374
177499
177624
177749
177874
177999
178124
178249
178374
178499
178624
178749
178874
178999
179124
179249
179374
179499
179624
179749
179874
179999
180124
180249
180374
180499
180624
180749
180874
180999
181124
181249
181374
181499
181624
181749
181874
181999
182124
182249
182374
182499
182624
182749
182874
182999
183124
183249
183374
183499
183624
183749
183874
183999
184124
184249
184374
184499
184624
184749
184874
184999
185124
185249
185374
185499
185624
185749
185874
185999
186124
186249
186374
186499
186624
186749
186874
186999
187124
187249
187374
187499
187624
187749
187874
187999
188124
188249
188374
188499
188624
188749
188874
188999
189124
189249
189374
189499
189624
189749
189874
189999
190124
190249
190374
190499
190624
190749
190874
190999
191124
191249
191374
191499
191624
191749
191874
191999
192124
192249
192374
192499
192624
192749
192874
192999
193124
193249
193374
193499
193624
193749
193874
193999
194124
194249
194374
194499
194624
194749
194874
194999
195124
195249
195374
195499
195624
195749
195874
195999
196124
196249
196374
196499
196624
196749
196874
196999
197124
197249
197374
197499
197624
197749
197874
197999
198124
198249
198374
198499
198624
198749
198874
198999
199124
199249
199374
199499
199624
199749
199874
199999
200124
200249
200374
200499
200624
200749
200874
200999
201124
201249
201374
201499
201624
201749
201874
201999
202124
202249
202374
202499
202624
202749
202874
202999
203124
203249
203374
203499
203624
203749
203874
203999
204124
204249
204374
204499
204624
204749
204874
204999
205124
205249
205374
205499
205624
205749
205874
205999
206124
206249
206374
206499
206624
206749
206874
206999
207124
207249
207374
207499
207624
207749
207874
207999
208124
208249
208374
208499
208624
208749
208874
208999
209124
209249
209374
209499
209624
209749
209874
209999
210124
210249
210374
210499
210624
210749
210874
210999
211124
211249
211374
211499
211624
211749
211874
211999
212124
212249
212374
212499
212624
212749
212874
212999
213124
213249
213374
213499
213624
213749
213874
213999
214124
214249
214374
214499
214624
214749
214874
214999
215124
215249
215374
215499
215624
215749
215874
215999
216124
216249
216374
216499
216624
216749
216874
216999
217124
217249
217374
217499
217624
217749
217874
217999
218124
218249
218374
218499
218624
218749
218874
218999
219124
219249
219374
219499
219624
219749
219874
219999
220124
220249
220374
220499
220624
220749
220874
220999
221124
221249
221374
221499
221624
221749
221874
221999
222124
222249
222374
222499
222624
222749
222874
222999
223124
223249
223374
223499
223624
223749
223874
223999
224124
224249
224374
224499
224624
224749
224874
224999
225124
225249
225374
225499
225624
225749
225874
225999
226124
226249
226374
226499
226624
226749
226874
226999
227124
227249
227374
227499
227624
227749
227874
227999
228124
228249
228374
228499
228624
228749
228874
228999
229124
229249
229374
229499
229624
229749
229874
229999
230124
230249
230374
230499
230624
230749
230874
230999
231124
231249
231374
231499
231624
231749
231874
231999
232124
232249
232374
232499
232624
232749
232874
232999
233124
233249
233374
233499
233624
233749
233874
233999
234124
234249
234374
234499
234624
234749
234874
234999
235124
235249
235374
235499
235624
235749
235874
235999
236124
236249
236374
236499
236624
236749
236874
236999
237124
237249
237374
237499
237624
237749
237874
237999
238124
238249
238374
238499
238624
238749
238874
238999
239124
239249
239374
239499
239624
239749
239874
239999
240124
240249
240374
240499
240624
240749
240874
240999
241124
241249
241374
241499
241624
241749
241874
241999
242124
242249
242374
242499
242624
242749
242874
242999
243124
243249
243374
243499
243624
243749
243874
243999
244124
244249
244374
244499
244624
244749
244874
244999
245124
245249
245374
245499
245624
245749
245874
245999
246124
246249
246374
246499
246624
246749
246874
246999
247124
247249
247374
247499
247624
247749
247874
247999
248124
248249
248374
248499
248624
248749
248874
248999
249124
249249
249374
249499
249624
249749
249874
249999
250124
250249
250374
250499
250624
250749
250874
250999
251124
251249
251374
251499
251624
251749
251874
251999
252124
252249
252374
252499
252624
252749
252874
252999
253124
253249
253374
253499
253624
253749
253874
253999
254124
254249
254374
254499
254624
254749
254874
254999
255124
255249
255374
255499
255624
255749
255874
255999
256124
256249
256374
256499
256624
256749
256874
256999
257124
257249
257374
257499
257624
257749
257874
257999
258124
258249
258374
258499
258624
258749
258874
258999
259124
259249
259374
259499
259624
259749
259874
259999
260124
260249
260374
260499
260624
260749
260874
260999
261124
261249
261374
261499
261624
261749
261874
261999
262124
262249
262374
262499
262624
262749
262874
262999
263124
263249
263374
263499
263624
263749
263874
263999
264124
264249
264374
264499
264624
264749
264874
264999
265124
265249
265374
265499
265624
265749
265874
265999
266124
266249
266374
266499
266624
266749
266874
266999
267124
267249
267374
267499
267624
267749
267874
267999
268124
268249
268374
268499
268624
268749
268874
268999
269124
269249
269374
269499
269624
269749
269874
269999
270124
270249
270374
270499
270624
270749
270874
270999
271124
271249
271374
271499
271624
271749
271874
271999
272124
272249
272374
272499
272624
272749
272874
272999
273124
273249
273374
273499
273624
273749
273874
273999
274124
274249
274374
274499
274624
274749
274874
274999
275124
275249
275374
275499
275624
275749
275874
275999
276124
276249
276374
276499
276624
276749
276874
276999
277124
277249
277374
277499
277624
277749
277874
277999
278124
278249
278374
278499
278624
278749
278874
278999
279124
279249
279374
279499
279624
279749
279874
279999
280124
280249
280374
280499
280624
280749
280874
280999
281124
281249
281374
281499
281624
281749
281874
281999
282124
282249
282374
282499
282624
282749
282874
282999
283124
283249
283374
283499
283624
283749
283874
283999
284124
284249
284374
284499
284624
284749
284874
284999
285124
285249
285374
285499
285624
285749
285874
285999
286124
286249
286374
286499
286624
286749
286874
286999
287124
287249
287374
287499
287624
287749
287874
287999
288124
288249
288374
288499
288624
288749
288874
288999
289124
289249
289374
289499
289624
289749
289874
289999
290124
290249
290374
290499
290624
290749
290874
290999
291124
291249
291374
291499
291624
291749
291874
291999
292124
292249
292374
292499
292624
292749
292874
292999
293124
293249
293374
293499
293624
293749
293874
293999
294124
294249
294374
294499
294624
294749
294874
294999
295124
295249
295374
295499
295624
295749
295874
295999
296124
296249
296374
296499
296624
296749
296874
296999
297124
297249
297374
297499
297624
297749
297874
297999
298124
298249
298374
298499
298624
298749
298874
298999
299124
299249
299374
299499
299624
299749
299874
299999
300124
300249
300374
300499
300624
300749
300874
300999
301124
301249
301374
301499
301624
301749
301874
301999
302124
302249
302374
302499
302624
302749
302874
302999
303124
303249
303374
303499
303624
303749
303874
303999
304124
304249
304374
304499
304624
304749
304874
304999
305124
305249
305374
305499
305624
305749
305874
305999
306124
306249
306374
306499
306624
306749
306874
306999
307124
307249
307374
307499
307624
307749
307874
307999
308124
308249
308374
308499
308624
308749
308874
308999
309124
309249
309374
309499
309624
309749
309874
309999
310124
310249
310374
310499
310624
310749
310874
310999
311124
311249
311374
311499
311624
311749
311874
311999
312124
312249
312374
312499
312624
312749
312874
312999
313124
313249
313374
313499
313624
313749
313874
313999
314124
314249
314374
314499
314624
314749
314874
314999
315124
315249
315374
315499
315624
315749
315874
315999
316124
316249
316374
316499
316624
316749
316874
316999
317124
317249
317374
317499
317624
317749
317874
317999
318124
318249
318374
318499
318624
318749
318874
318999
319124
319249
319374
319499
319624
319749
319874
319999
320124
320249
320374
320499
320624
320749
320874
320999
321124
321249
321374
321499
321624
321749
321874
321999
322124
322249
322374
322499
322624
322749
322874
322999
323124
323249
323374
323499
323624
323749
323874
323999
324124
324249
324374
324499
324624
324749
324874
324999
325124
325249
325374
325499
325624
325749
325874
325999
326124
326249
326374
326499
326624
326749
326874
326999
327124
327249
327374
327499
327624
327749
327874
327999
328124
328249
328374
328499
328624
328749
328874
328999
329124
329249
329374
329499
329624
329749
329874
329999
330124
330249
330374
330499
330624
330749
330874
330999
331124
331249
331374
331499
331624
331749
331874
331999
332124
332249
332374
332499
332624
332749
332874
332999
333124
333249
333374
333499
333624
333749
333874
333999
334124
334249
334374
334499
334624
334749
334874
334999
335124
335249
335374
335499
335624
335749
335874
335999
336124
336249
336374
336499
336624
336749
336874
336999
337124
337249
337374
337499
337624
337749
337874
337999
338124
338249
338374
338499
338624
338749
338874
338999
339124
339249
339374
339499
339624
339749
339874
339999
340124
340249
340374
340499
340624
340749
340874
340999
341124
341249
341374
341499
341624
341749
341874
341999
342124
342249
342374
342499
342624
342749
342874
342999
343124
343249
343374
343499
343624
343749
343874
343999
344124
344249
344374
344499
344624
344749
344874
344999
345124
345249
345374
345499
345624
345749
345874
345999
346124
346249
346374
346499
346624
346749
346874
346999
347124
347249
347374
347499
347624
347749
347874
347999
348124
348249
348374
348499
348624
348749
348874
348999
349124
349249
349374
349499
349624
349749
349874
349999
350124
350249
350374
350499
350624
350749
350874
350999
351124
351249
351374
351499
351624
351749
351874
351999
352124
352249
352374
352499
352624
352749
352874
352999
353124
353249
353374
353499
353624
353749
353874
353999
354124
354249
354374
354499
354624
354749
354874
354999
355124
355249
355374
355499
355624
355749
355874
355999
356124
356249
356374
356499
356624
356749
356874
356999
357124
357249
357374
357499
357624
357749
357874
357999
358124
358249
358374
358499
358624
358749
358874
358999
359124
359249
359374
359499
359624
359749
359874
359999
360124
360249
360374
360499
360624
360749
360874
360999
361124
361249
361374
361499
361624
361749
361874
361999
362124
362249
362374
362499
362624
362749
362874
362999
363124
363249
363374
363499
363624
363749
363874
363999
364124
364249
364374
364499
364624
364749
364874
364999
365124
365249
365374
365499
365624
365749
365874
365999
366124
366249
366374
366499
366624
366749
366874
366999
367124
367249
367374
367499
367624
367749
367874
367999
368124
368249
368374
368499
368624
368749
368874
368999
369124
369249
369374
369499
369624
369749
369874
369999
370124
370249
370374
370499
370624
370749
370874
370999
371124
371249
371374
371499
371624
371749
371874
371999
372124
372249
372374
372499
372624
372749
372874
372999
373124
373249
373374
373499
373624
373749
373874
373999
374124
374249
374374
374499
374624
374749
374874
374999
375124
375249
375374
375499
375624
375749
375874
375999
376124
376249
376374
376499
376624
376749
376874
376999
377124
377249
377374
377499
377624
377749
377874
377999
378124
378249
378374
378499
378624
378749
378874
378999
379124
379249
379374
379499
379624
379749
379874
379999
380124
380249
380374
380499
380624
380749
380874
380999
381124
381249
381374
381499
381624
381749
381874
381999
382124
382249
382374
382499
382624
382749
382874
382999
383124
383249
383374
383499
383624
383749
383874
383999
384124
384249
384374
384499
384624
384749
384874
384999
385124
385249
385374
385499
385624
385749
385874
385999
386124
386249
386374
386499
386624
386749
386874
386999
387124
387249
387374
387499
387624
387749
387874
387999
388124
388249
388374
388499
388624
388749
388874
388999
389124
389249
389374
389499
389624
389749
389874
389999
390124
390249
390374
390499
390624
390749
390874
390999
391124
391249
391374
391499
391624
391749
391874
391999
392124
392249
392374
392499
392624
392749
392874
392999
393124
393249
393374
393499
393624
393749
393874
393999
394124
394249
394374
394499
394624
394749
394874
394999
395124
395249
395374
395499
395624
395749
395874
395999
396124
396249
396374
396499
396624
396749
396874
396999
397124
397249
397374
397499
397624
397749
397874
397999
398124
398249
398374
398499
398624
398749
398874
398999
399124
399249
399374
399499
399624
399749
399874
399999
400124
400249
400374
400499
400624
400749
400874
400999
401124
401249
401374
401499
401624
401749
401874
401999
402124
402249
402374
402499
402624
402749
402874
402999
403124
403249
403374
403499
403624
403749
403874
403999
404124
404249
404374
404499
404624
404749
404874
404999
405124
405249
405374
405499
405624
405749
405874
405999
406124
406249
406374
406499
406624
406749
406874
406999
407124
407249
407374
407499
407624
407749
407874
407999
408124
408249
408374
408499
408624
408749
408874
408999
409124
409249
409374
409499
409624
409749
409874
409999
410124
410249
410374
410499
410624
410749
410874
410999
411124
411249
411374
411499
411624
411749
411874
411999
412124
412249
412374
412499
412624
412749
412874
412999
413124
413249
413374
413499
413624
413749
413874
413999
414124
414249
414374
414499
414624
414749
414874
414999
415124
415249
415374
415499
415624
415749
415874
415999
416124
416249
416374
416499
416624
416749
416874
416999
417124
417249
417374
417499
417624
417749
417874
417999
418124
418249
418374
418499
418624
418749
418874
418999
419124
419249
419374
419499
419624
419749
419874
419999
420124
420249
420374
420499
420624
420749
420874
420999
421124
421249
421374
421499
421624
421749
421874
421999
422124
422249
422374
422499
422624
422749
422874
422999
423124
423249
423374
423499
423624
423749
423874
423999
424124
424249
424374
424499
424624
424749
424874
424999
425124
425249
425374
425499
425624
425749
425874
425999
426124
426249
426374
426499
426624
426749
426874
426999
427124
427249
427374
427499
427624
427749
427874
427999
428124
428249
428374
428499
428624
428749
428874
428999
429124
429249
429374
429499
429624
429749
429874
429999
430124
430249
430374
430499
430624
430749
430874
430999
431124
431249
431374
431499
431624
431749
431874
431999
432124
432249
432374
432499
432624
432749
432874
432999
433124
433249
433374
433499
433624
433749
433874
433999
434124
434249
434374
434499
434624
434749
434874
434999
435124
435249
435374
435499
435624
435749
435874
435999
436124
436249
436374
436499
436624
436749
436874
436999
437124
437249
437374
437499
437624
437749
437874
437999
438124
438249
438374
438499
438624
438749
438874
438999
439124
439249
439374
439499
439624
439749
439874
439999
440124
440249
440374
440499
440624
440749
440874
440999
441124
441249
441374
441499
441624
441749
441874
441999
442124
442249
442374
442499
442624
442749
442874
442999
443124
443249
443374
443499
443624
443749
443874
443999
444124
444249
444374
444499
444624
444749
444874
444999
445124
445249
445374
445499
445624
445749
445874
445999
446124
446249
446374
446499
446624
446749
446874
446999
447124
447249
447374
447499
447624
447749
447874
447999
448124
448249
448374
448499
448624
448749
448874
448999
449124
449249
449374
449499
449624
449749
449874
449999
450124
450249
450374
450499
450624
450749
450874
450999
451124
451249
451374
451499
451624
451749
451874
451999
452124
452249
452374
452499
452624
452749
452874
452999
453124
453249
453374
453499
453624
453749
453874
453999
454124
454249
454374
454499
454624
454749
454874
454999
455124
455249
455374
455499
455624
455749
455874
455999
456124
456249
456374
456499
456624
456749
456874
456999
457124
457249
457374
457499
457624
457749
457874
457999
458124
458249
458374
458499
458624
458749
458874
458999
459124
459249
459374
459499
459624
459749
459874
459999
460124
460249
460374
460499
460624
460749
460874
460999
461124
461249
461374
461499
461624
461749
461874
461999
462124
462249
462374
462499
462624
462749
462874
462999
463124
463249
463374
463499
463624
463749
463874
463999
464124
464249
464374
464499
464624
464749
464874
464999
465124
465249
465374
465499
465624
465749
465874
465999
466124
466249
466374
466499
466624
466749
466874
466999
467124
467249
467374
467499
467624
467749
467874
467999
468124
468249
468374
468499
468624
468749
468874
468999
469124
469249
469374
469499
469624
469749
469874
469999
470124
470249
470374
470499
470624
470749
470874
470999
471124
471249
471374
471499
471624
471749
471874
471999
472124
472249
472374
472499
472624
472749
472874
472999
473124
473249
473374
473499
473624
473749
473874
473999
474124
474249
474374
474499
474624
474749
474874
474999
475124
475249
475374
475499
475624
475749
475874
475999
476124
476249
476374
476499
476624
476749
476874
476999
477124
477249
477374
477499
477624
477749
477874
477999
478124
478249
478374
478499
478624
478749
478874
478999
479124
479249
479374
479499
479624
479749
479874
479999
480124
480249
480374
480499
480624
480749
480874
480999
481124
481249
481374
481499
481624
481749
481874
481999
482124
482249
482374
482499
482624
482749
482874
482999
483124
483249
483374
483499
483624
483749
483874
483999
484124
484249
484374
484499
484624
484749
484874
484999
485124
485249
485374
485499
485624
485749
485874
485999
486124
486249
486374
486499
486624
486749
486874
486999
487124
487249
487374
487499
487624
487749
487874
487999
488124
488249
488374
488499
488624
488749
488874
488999
489124
489249
489374
489499
489624
489749
489874
489999
490124
490249
490374
490499
490624
490749
490874
490999
491124
491249
491374
491499
491624
491749
491874
491999
492124
492249
492374
492499
492624
492749
492874
492999
493124
493249
493374
493499
493624
493749
493874
493999
494124
494249
494374
494499
494624
494749
494874
494999
495124
495249
495374
495499
495624
495749
495874
495999
496124
496249
496374
496499
496624
496749
496874
496999
497124
497249
497374
497499
497624
497749
497874
497999
498124
498249
498374
498499
498624
498749
498874
498999
499124
499249
499374
499499
499624
499749
499874
499999
500124
500249
500374
500499
500624
500749
500874
500999
501124
501249
501374
501499
501624
501749
501874
501999
502124
502249
502374
502499
502624
502749
502874
502999
503124
503249
503374
503499
503624
503749
503874
503999
504124
504249
504374
504499
504624
504749
504874
504999
505124
505249
505374
505499
505624
505749
505874
505999
506124
506249
506374
506499
506624
506749
506874
506999
507124
507249
507374
507499
507624
507749
507874
507999
508124
508249
508374
508499
508624
508749
508874
508999
509124
509249
509374
509499
509624
509749
509874
509999
510124
510249
510374
510499
510624
510749
510874
510999
511124
511249
511374
511499
511624
511749
511874
511999
512124
512249
512374
512499
512624
512749
512874
512999
513124
513249
513374
513499
513624
513749
513874
513999
514124
514249
514374
514499
514624
514749
514874
514999
515124
515249
515374
515499
515624
515749
515874
515999
516124
516249
516374
516499
516624
516749
516874
516999
517124
517249
517374
517499
517624
517749
517874
517999
518124
518249
518374
518499
518624
518749
518874
518999
519124
519249
519374
519499
519624
519749
519874
519999
520124
520249
520374
520499
520624
520749
520874
520999
521124
521249
521374
521499
521624
521749
521874
521999
522124
522249
522374
522499
522624
522749
522874
522999
523124
523249
523374
523499
523624
523749
523874
523999
524124
524249
524374
524499
524624
524749
524874
524999
525124
525249
525374
525499
525624
525749
525874
525999
526124
526249
