124
249
374
499
624
749
874
999
1124
1249
1374
1499
1624
1749
1874
1999
2124
2249
2374
2499
2624
2749
2874
2999
3124
3249
3374
3499
3624
3749
3874
3999
4124
4249
4374
4499
4624
4749
4874
4999
5124
5249
5374
5499
5624
5749
5874
5999
6124
6249
6374
6499
6624
6749
6874
6999
7124
7249
7374
7499
7624
7749
7874
7999
8124
8249
8374
8499
8624
8749
8874
8999
9124
9249
9374
9499
9624
9749
9874
9999
10124
10249
10374
10499
10624
10749
10874
10999
11124
11249
11374
11499
11624
11749
11874
11999
12124
12249
12374
12499
12624
12749
12874
12999
13124
13249
13374
13499
13624
13749
13874
13999
14124
14249
14374
14499
14624
14749
14874
14999
15124
15249
15374
15499
15624
15749
15874
15999
16124
16249
16374
16499
16624
16749
16874
16999
17124
17249
17374
17499
17624
17749
17874
17999
18124
18249
18374
18499
18624
18749
18874
18999
19124
19249
19374
19499
19624
19749
19874
19999
20124
20249
20374
20499
20624
20749
20874
20999
21124
21249
21374
21499
21624
21749
21874
21999
22124
22249
22374
22499
22624
22749
22874
22999
23124
23249
23374
23499
23624
23749
23874
23999
24124
24249
24374
24499
24624
24749
24874
24999
25124
25249
25374
25499
25624
25749
25874
25999
26124
26249
26374
26499
26624
26749
26874
26999
27124
27249
27374
27499
27624
27749
27874
27999
28124
28249
28374
28499
28624
28749
28874
28999
29124
29249
29374
29499
29624
29749
29874
29999
30124
30249
30374
30499
30624
30749
30874
30999
31124
31249
31374
31499
31624
31749
31874
31999
32124
32249
32374
32499
32624
32749
32874
32999
33124
33249
33374
33499
33624
33749
33874
33999
34124
34249
34374
34499
34624
34749
34874
34999
35124
35249
35374
35499
35624
35749
35874
35999
36124
36249
36374
36499
36624
36749
36874
36999
37124
37249
37374
37499
37624
37749
37874
37999
38124
38249
38374
38499
38624
38749
38874
38999
39124
39249
39374
39499
39624
39749
39874
39999
40124
40249
40374
40499
40624
40749
40874
40999
41124
41249
41374
41499
41624
41749
41874
41999
42124
42249
42374
42499
42624
42749
42874
42999
43124
43249
43374
43499
43624
43749
43874
43999
44124
44249
44374
44499
44624
44749
44874
44999
45124
45249
45374
45499
45624
45749
45874
45999
46124
46249
46374
46499
46624
46749
46874
46999
47124
47249
47374
47499
47624
47749
47874
47999
48124
48249
48374
48499
48624
48749
48874
48999
49124
49249
49374
49499
49624
49749
49874
49999
50124
50249
50374
50499
50624
50749
50874
50999
51124
51249
51374
51499
51624
51749
51874
51999
52124
52249
52374
52499
52624
52749
52874
52999
53124
53249
53374
53499
53624
53749
53874
53999
54124
54249
54374
54499
54624
54749
54874
54999
55124
55249
55374
55499
55624
55749
55874
55999
56124
56249
56374
56499
56624
56749
56874
56999
57124
57249
57374
57499
57624
57749
57874
57999
58124
58249
58374
58499
58624
58749
58874
58999
59124
59249
59374
59499
59624
59749
59874
59999
60124
60249
60374
60499
60624
60749
60874
60999
61124
61249
61374
61499
61624
61749
61874
61999
62124
62249
62374
62499
62624
62749
62874
62999
63124
63249
63374
63499
63624
63749
63874
63999
64124
64249
64374
64499
64624
64749
64874
64999
65124
65249
65374
65499
65624
65749
65874
65999
66124
66249
66374
66499
66624
66749
66874
66999
67124
67249
67374
67499
67624
67749
67874
67999
68124
68249
68374
68499
68624
68749
68874
68999
69124
69249
69374
69499
69624
69749
69874
69999
70124
70249
70374
70499
70624
70749
70874
70999
71124
71249
71374
71499
71624
71749
71874
71999
72124
72249
72374
72499
72624
72749
72874
72999
73124
73249
73374
73499
73624
73749
73874
73999
74124
74249
74374
74499
74624
74749
74874
74999
75124
75249
75374
75499
75624
75749
75874
75999
76124
76249
76374
76499
76624
76749
76874
76999
77124
77249
77374
77499
77624
77749
77874
77999
78124
78249
78374
78499
78624
78749
78874
78999
79124
79249
79374
79499
79624
79749
79874
79999
80124
80249
80374
80499
80624
80749
80874
80999
81124
81249
81374
81499
81624
81749
81874
81999
82124
82249
82374
82499
82624
82749
82874
82999
83124
83249
83374
83499
83624
83749
83874
83999
84124
84249
84374
84499
84624
84749
84874
84999
85124
85249
85374
85499
85624
85749
85874
85999
86124
86249
86374
86499
86624
86749
86874
86999
87124
87249
87374
87499
87624
87749
87874
87999
88124
88249
88374
88499
88624
88749
88874
88999
89124
89249
89374
89499
89624
89749
89874
89999
90124
90249
90374
90499
90624
90749
90874
90999
91124
91249
91374
91499
91624
91749
91874
91999
92124
92249
92374
92499
92624
92749
92874
92999
93124
93249
93374
93499
93624
93749
93874
93999
94124
94249
94374
94499
94624
94749
94874
94999
95124
95249
95374
95499
95624
95749
95874
95999
96124
96249
96374
96499
96624
96749
96874
96999
97124
97249
97374
97499
97624
97749
97874
97999
98124
98249
98374
98499
98624
98749
98874
98999
99124
99249
99374
99499
99624
99749
99874
99999
100124
100249
100374
100499
100624
100749
100874
100999
101124
101249
101374
101499
101624
101749
101874
101999
102124
102249
102374
102499
102624
102749
102874
102999
103124
103249
103374
103499
103624
103749
103874
103999
104124
104249
104374
104499
104624
104749
104874
104999
105124
105249
105374
105499
105624
105749
105874
105999
106124
106249
106374
106499
106624
106749
106874
106999
107124
107249
107374
107499
107624
107749
107874
107999
108124
108249
108374
108499
108624
108749
108874
108999
109124
109249
109374
109499
109624
109749
109874
109999
110124
110249
110374
110499
110624
110749
110874
110999
111124
111249
111374
111499
111624
111749
111874
111999
112124
112249
112374
112499
112624
112749
112874
112999
113124
113249
113374
113499
113624
113749
113874
113999
114124
114249
114374
114499
114624
114749
114874
114999
115124
115249
115374
115499
115624
115749
115874
115999
116124
116249
116374
116499
116624
116749
116874
116999
117124
117249
117374
117499
117624
117749
117874
117999
118124
118249
118374
118499
118624
118749
118874
118999
119124
119249
119374
119499
119624
119749
119874
119999
120124
120249
120374
120499
120624
120749
120874
120999
121124
121249
121374
121499
121624
121749
121874
121999
122124
122249
122374
122499
122624
122749
122874
122999
123124
123249
123374
123499
123624
123749
123874
123999
124124
124249
124374
124499
124624
124749
124874
124999
125124
125249
125374
125499
125624
125749
125874
125999
126124
126249
126374
126499
126624
126749
126874
126999
127124
127249
127374
127499
127624
127749
127874
127999
128124
128249
128374
128499
128624
128749
128874
128999
129124
129249
129374
129499
129624
129749
129874
129999
130124
130249
130374
130499
130624
130749
130874
130999
131124
131249
131374
131499
131624
131749
131874
131999
132124
132249
132374
132499
132624
132749
132874
132999
133124
133249
133374
133499
133624
133749
133874
133999
134124
134249
134374
134499
134624
134749
134874
134999
135124
135249
135374
135499
135624
135749
135874
135999
136124
136249
136374
136499
136624
136749
136874
136999
137124
137249
137374
137499
137624
137749
137874
137999
138124
138249
138374
138499
138624
138749
138874
138999
139124
139249
139374
139499
139624
139749
139874
139999
140124
140249
140374
140499
140624
140749
140874
140999
141124
141249
141374
141499
141624
141749
141874
141999
142124
142249
142374
142499
142624
142749
142874
142999
143124
143249
143374
143499
143624
143749
143874
143999
144124
144249
144374
144499
144624
144749
144874
144999
145124
145249
145374
145499
145624
145749
145874
145999
146124
146249
146374
146499
146624
146749
146874
146999
147124
147249
147374
147499
147624
147749
147874
147999
148124
148249
148374
148499
148624
148749
148874
148999
149124
149249
149374
149499
149624
149749
149874
149999
150124
150249
150374
150499
150624
150749
150874
150999
151124
151249
151374
151499
151624
151749
151874
151999
152124
152249
152374
152499
152624
152749
152874
152999
153124
153249
153374
153499
153624
153749
153874
153999
154124
154249
154374
154499
154624
154749
154874
154999
155124
155249
155374
155499
155624
155749
155874
155999
156124
156249
156374
156499
156624
156749
156874
156999
157124
157249
157374
157499
157624
157749
157874
157999
158124
158249
158374
158499
158624
158749
158874
158999
159124
159249
159374
159499
159624
159749
159874
159999
160124
160249
160374
160499
160624
160749
160874
160999
161124
161249
161374
161499
161624
161749
161874
161999
162124
162249
162374
162499
162624
162749
162874
162999
163124
163249
163374
163499
163624
163749
163874
163999
164124
164249
164374
164499
164624
164749
164874
164999
165124
165249
165374
165499
165624
165749
165874
165999
166124
166249
166374
166499
166624
166749
166874
166999
167124
167249
167374
167499
167624
167749
167874
167999
168124
168249
168374
168499
168624
168749
168874
168999
169124
169249
169374
169499
169624
169749
169874
169999
170124
170249
170374
170499
170624
170749
170874
170999
171124
171249
171374
171499
171624
171749
171874
171999
172124
172249
172374
172499
172624
172749
172874
172999
173124
173249
173374
173499
173624
173749
173874
173999
174124
174249
174374
174499
174624
174749
174874
174999
175124
175249
175374
175499
175624
175749
175874
175999
176124
176249
176374
176499
176624
176749
176874
176999
177124
177249
177374
177499
177624
177749
177874
177999
178124
178249
178374
178499
178624
178749
178874
178999
179124
179249
179374
179499
179624
179749
179874
179999
180124
180249
180374
180499
180624
180749
180874
180999
181124
181249
181374
181499
181624
181749
181874
181999
182124
182249
182374
182499
182624
182749
182874
182999
183124
183249
183374
183499
183624
183749
183874
183999
184124
184249
184374
184499
184624
184749
184874
184999
185124
185249
185374
185499
185624
185749
185874
185999
186124
186249
186374
186499
186624
186749
186874
186999
187124
187249
187374
187499
187624
187749
187874
187999
188124
188249
188374
188499
188624
188749
188874
188999
189124
189249
189374
189499
189624
189749
189874
189999
190124
190249
190374
190499
190624
190749
190874
190999
191124
191249
191374
191499
191624
191749
191874
191999
192124
192249
192374
192499
192624
192749
192874
192999
193124
193249
193374
193499
193624
193749
193874
193999
194124
194249
194374
194499
194624
194749
194874
194999
195124
195249
195374
195499
195624
195749
195874
195999
196124
196249
196374
196499
196624
196749
196874
196999
197124
197249
197374
197499
197624
197749
197874
197999
198124
198249
198374
198499
198624
198749
198874
198999
199124
199249
199374
199499
199624
199749
199874
199999
200124
200249
200374
200499
200624
200749
200874
200999
201124
201249
201374
201499
201624
201749
201874
201999
202124
202249
202374
202499
202624
202749
202874
202999
203124
203249
203374
203499
203624
203749
203874
203999
204124
204249
204374
204499
204624
204749
204874
204999
205124
205249
205374
205499
205624
205749
205874
205999
206124
206249
206374
206499
206624
206749
206874
206999
207124
207249
207374
207499
207624
207749
207874
207999
208124
208249
208374
208499
208624
208749
208874
208999
209124
209249
209374
209499
209624
209749
209874
209999
210124
210249
210374
210499
210624
210749
210874
210999
211124
211249
211374
211499
211624
211749
211874
211999
212124
212249
212374
212499
212624
212749
212874
212999
213124
213249
213374
213499
213624
213749
213874
213999
214124
214249
214374
214499
214624
214749
214874
214999
215124
215249
215374
215499
215624
215749
215874
215999
216124
216249
216374
216499
216624
216749
216874
216999
217124
217249
217374
217499
217624
217749
217874
217999
218124
218249
218374
218499
218624
218749
218874
218999
219124
219249
219374
219499
219624
219749
219874
219999
220124
220249
220374
220499
220624
220749
220874
220999
221124
221249
221374
221499
221624
221749
221874
221999
222124
222249
222374
222499
222624
222749
222874
222999
223124
223249
223374
223499
223624
223749
223874
223999
224124
224249
224374
224499
224624
224749
224874
224999
225124
225249
225374
225499
225624
225749
225874
225999
226124
226249
226374
226499
226624
226749
226874
226999
227124
227249
227374
227499
227624
227749
227874
227999
228124
228249
228374
228499
228624
228749
228874
228999
229124
229249
229374
229499
229624
229749
229874
229999
230124
230249
230374
230499
230624
230749
230874
230999
231124
231249
231374
231499
231624
231749
231874
231999
232124
232249
232374
232499
232624
232749
232874
232999
233124
233249
233374
233499
233624
233749
233874
233999
234124
234249
234374
234499
234624
234749
234874
234999
235124
235249
235374
235499
235624
235749
235874
235999
236124
236249
236374
236499
236624
236749
236874
236999
237124
237249
237374
237499
237624
237749
237874
237999
238124
238249
238374
238499
238624
238749
238874
238999
239124
239249
239374
239499
239624
239749
239874
239999
240124
240249
240374
240499
240624
240749
240874
240999
241124
241249
241374
241499
241624
241749
241874
241999
242124
242249
242374
242499
242624
242749
242874
242999
243124
243249
243374
243499
243624
243749
243874
243999
244124
244249
244374
244499
244624
244749
244874
244999
245124
245249
245374
245499
245624
245749
245874
245999
246124
246249
246374
246499
246624
246749
246874
246999
247124
247249
247374
247499
247624
247749
247874
247999
248124
248249
248374
248499
248624
248749
248874
248999
249124
249249
249374
249499
249624
249749
249874
249999
250124
250249
250374
250499
250624
250749
250874
250999
251124
251249
251374
251499
251624
251749
251874
251999
252124
252249
252374
252499
252624
252749
252874
252999
253124
253249
253374
253499
253624
253749
253874
253999
254124
254249
254374
254499
254624
254749
254874
254999
255124
255249
255374
255499
255624
255749
255874
255999
256124
256249
256374
256499
256624
256749
256874
256999
257124
257249
257374
257499
257624
257749
257874
257999
258124
258249
258374
258499
258624
258749
258874
258999
259124
259249
259374
259499
259624
259749
259874
259999
260124
260249
260374
260499
260624
260749
260874
260999
261124
261249
261374
261499
261624
261749
261874
261999
262124
262249
262374
262499
262624
262749
262874
262999
263124
263249
263374
263499
263624
263749
263874
263999
264124
264249
264374
264499
264624
264749
264874
264999
265124
265249
265374
265499
265624
265749
265874
265999
266124
266249
266374
266499
266624
266749
266874
266999
267124
267249
267374
267499
267624
267749
267874
267999
268124
268249
268374
268499
268624
268749
268874
268999
269124
269249
269374
269499
269624
269749
269874
269999
270124
270249
270374
270499
270624
270749
270874
270999
271124
271249
271374
271499
271624
271749
271874
271999
272124
272249
272374
272499
272624
272749
272874
272999
273124
273249
273374
273499
273624
273749
273874
273999
274124
274249
274374
274499
274624
274749
274874
274999
275124
275249
275374
275499
275624
275749
275874
275999
276124
276249
276374
276499
276624
276749
276874
276999
277124
277249
277374
277499
277624
277749
277874
277999
278124
278249
278374
278499
278624
278749
278874
278999
279124
279249
279374
279499
279624
279749
279874
279999
280124
280249
280374
280499
280624
280749
280874
280999
281124
281249
281374
281499
281624
281749
281874
281999
282124
282249
282374
282499
282624
282749
282874
282999
283124
283249
283374
283499
283624
283749
283874
283999
284124
284249
284374
284499
284624
284749
284874
284999
285124
285249
285374
285499
285624
285749
285874
285999
286124
286249
286374
286499
286624
286749
286874
286999
287124
287249
287374
287499
287624
287749
287874
287999
288124
288249
288374
288499
288624
288749
288874
288999
289124
289249
289374
289499
289624
289749
289874
289999
290124
290249
290374
290499
290624
290749
290874
290999
291124
291249
291374
291499
291624
291749
291874
291999
292124
292249
292374
292499
292624
292749
292874
292999
293124
293249
293374
293499
293624
293749
293874
293999
294124
294249
294374
294499
294624
294749
294874
294999
295124
295249
295374
295499
295624
295749
295874
295999
296124
296249
296374
296499
296624
296749
296874
296999
297124
297249
297374
297499
297624
297749
297874
297999
298124
298249
298374
298499
298624
298749
298874
298999
299124
299249
299374
299499
299624
299749
299874
299999
300124
300249
300374
300499
300624
300749
300874
300999
301124
301249
301374
301499
301624
301749
301874
301999
302124
302249
302374
302499
302624
302749
302874
302999
303124
303249
303374
303499
303624
303749
303874
303999
304124
304249
304374
304499
304624
304749
304874
304999
305124
305249
305374
305499
305624
305749
305874
305999
306124
306249
306374
306499
306624
306749
306874
306999
307124
307249
307374
307499
307624
307749
307874
307999
308124
308249
308374
308499
308624
